stack_outlet = (45.529786, 10.174233, 0.42) // (x,y,z) 
molar_mass = 16.04 // (g/mol)
flow_rate = 56.42 // (g/hr)
